Code département,département,circonscription,Inscrits,Votants,Exprimés,Blancs et nuls,François HOLLANDE (PS),Nicolas SARKOZY (UMP)
01,AIN,1,79024,65819,61677,4142,27511,34166
01,AIN,2,86845,73070,68995,4075,28617,40378
01,AIN,3,69858,56868,53723,3145,23444,30279
01,AIN,4,84501,70893,66640,4253,26262,40378
01,AIN,5,73638,59937,56039,3898,25499,30540
02,AISNE,1,72627,58568,54675,3893,30001,24674
02,AISNE,2,73203,59401,55437,3964,29145,26292
02,AISNE,3,70334,56747,52699,4048,27977,24722
02,AISNE,4,78930,61692,57518,4174,30819,26699
02,AISNE,5,80979,65668,60691,4977,29318,31373
03,ALLIER,1,90368,75013,69884,5129,40555,29329
03,ALLIER,2,86773,70671,65620,5051,39990,25630
03,ALLIER,3,79070,65448,60704,4744,31070,29634
04,ALPES-DE-HAUTE-PROVENCE,1,60587,50916,47439,3477,24606,22833
04,ALPES-DE-HAUTE-PROVENCE,2,63308,52665,49503,3162,24892,24611
05,HAUTES-ALPES,1,56096,46868,43610,3258,22462,21148
05,HAUTES-ALPES,2,50779,42537,39770,2767,19973,19797
06,ALPES-MARITIMES,1,82281,64260,61193,3067,24783,36410
06,ALPES-MARITIMES,2,82291,67186,63384,3802,24376,39008
06,ALPES-MARITIMES,3,87345,69339,65800,3539,26401,39399
06,ALPES-MARITIMES,4,84818,67991,64263,3728,22044,42219
06,ALPES-MARITIMES,5,85309,69361,65760,3601,24379,41381
06,ALPES-MARITIMES,6,76080,61226,58039,3187,18036,40003
06,ALPES-MARITIMES,7,89528,73206,69791,3415,23557,46234
06,ALPES-MARITIMES,8,80643,64382,61507,2875,19602,41905
06,ALPES-MARITIMES,9,77198,62288,59435,2853,19939,39496
07,ARDECHE,1,76605,63540,59007,4533,32588,26419
07,ARDECHE,2,90753,76481,71262,5219,35545,35717
07,ARDECHE,3,75993,63909,59686,4223,33393,26293
08,ARDENNES,1,73133,58614,54588,4026,26775,27813
08,ARDENNES,2,64916,50376,47196,3180,26793,20403
08,ARDENNES,3,58554,47071,43969,3102,22063,21906
09,ARIEGE,1,56626,47889,44869,3020,30211,14658
09,ARIEGE,2,59731,50444,47049,3395,29255,17794
10,AUBE,1,64632,52943,49050,3893,19346,29704
10,AUBE,2,72858,59774,55831,3943,23296,32535
10,AUBE,3,66095,52458,48881,3577,22907,25974
11,AUDE,1,92766,78042,72598,5444,41650,30948
11,AUDE,2,83594,68385,63505,4880,33899,29606
11,AUDE,3,87638,74271,69048,5223,39851,29197
12,AVEYRON,1,75552,65006,61091,3915,30329,30762
12,AVEYRON,2,70767,60355,56550,3805,34330,22220
12,AVEYRON,3,71970,61819,57467,4352,30643,26824
13,BOUCHES-DU-RHONE,1,73789,59895,56713,3182,25080,31633
13,BOUCHES-DU-RHONE,2,77339,63700,61201,2499,23992,37209
13,BOUCHES-DU-RHONE,3,70248,55257,52364,2893,26536,25828
13,BOUCHES-DU-RHONE,4,58646,44470,42831,1639,29720,13111
13,BOUCHES-DU-RHONE,5,68657,54808,52315,2493,26272,26043
13,BOUCHES-DU-RHONE,6,72477,58336,55450,2886,24415,31035
13,BOUCHES-DU-RHONE,7,62965,46509,44393,2116,29782,14611
13,BOUCHES-DU-RHONE,8,92872,76097,71432,4665,30517,40915
13,BOUCHES-DU-RHONE,9,92577,76008,71807,4201,31222,40585
13,BOUCHES-DU-RHONE,10,100122,83371,78553,4818,34591,43962
13,BOUCHES-DU-RHONE,11,85249,68777,65409,3368,28620,36789
13,BOUCHES-DU-RHONE,12,88788,72043,67571,4472,28633,38938
13,BOUCHES-DU-RHONE,13,90480,73634,68682,4952,37857,30825
13,BOUCHES-DU-RHONE,14,93842,77277,73593,3684,34585,39008
13,BOUCHES-DU-RHONE,15,98178,81854,76884,4970,30495,46389
13,BOUCHES-DU-RHONE,16,88526,71941,67158,4783,32387,34771
14,CALVADOS,1,70213,58558,55729,2829,32399,23330
14,CALVADOS,2,67015,55191,52321,2870,33553,18768
14,CALVADOS,3,78403,64346,60408,3938,31049,29359
14,CALVADOS,4,97736,81113,76989,4124,34814,42175
14,CALVADOS,5,86339,72756,68859,3897,34499,34360
14,CALVADOS,6,90974,77519,72642,4877,39230,33412
15,CANTAL,1,64461,54535,51246,3289,28180,23066
15,CANTAL,2,56470,47318,44394,2924,21363,23031
16,CHARENTE,1,84013,67572,63559,4013,38796,24763
16,CHARENTE,2,84808,69679,65113,4566,35696,29417
16,CHARENTE,3,91907,77346,72076,5270,43608,28468
17,CHARENTE-MARITIME,1,98830,81136,77292,3844,42967,34325
17,CHARENTE-MARITIME,2,97505,80434,75700,4734,41788,33912
17,CHARENTE-MARITIME,3,81936,66746,62484,4262,34174,28310
17,CHARENTE-MARITIME,4,87771,72529,67548,4981,32484,35064
17,CHARENTE-MARITIME,5,105982,87863,82307,5556,36974,45333
18,CHER,1,73758,59092,55021,4071,27763,27258
18,CHER,2,70156,55447,51469,3978,29920,21549
18,CHER,3,87101,70691,65326,5365,35174,30152
19,CORREZE,1,94668,82893,78332,4561,52980,25352
19,CORREZE,2,91953,78259,73934,4325,45784,28150
2A,CORSE-DU-SUD,1,47907,36145,34096,2049,15197,18899
2A,CORSE-DU-SUD,2,53767,40854,38530,2324,15594,22936
2B,HAUTE-CORSE,1,54660,42534,40164,2370,17978,22186
2B,HAUTE-CORSE,2,63981,48636,46158,2478,21379,24779
21,COTE-D'OR,1,67615,57155,54484,2671,26711,27773
21,COTE-D'OR,2,66120,54935,51762,3173,25284,26478
21,COTE-D'OR,3,69112,57013,53636,3377,28692,24944
21,COTE-D'OR,4,69032,57816,53954,3862,25738,28216
21,COTE-D'OR,5,82926,69026,64657,4369,28511,36146
22,COTES-D'ARMOR,1,89051,75041,71006,4035,43576,27430
22,COTES-D'ARMOR,2,93736,81416,77023,4393,42168,34855
22,COTES-D'ARMOR,3,86313,75371,71078,4293,39596,31482
22,COTES-D'ARMOR,4,79581,68822,65029,3793,42726,22303
22,COTES-D'ARMOR,5,102333,87824,83503,4321,49543,33960
23,CREUSE,1,96857,80716,75176,5540,45870,29306
24,DORDOGNE,1,74944,63829,59819,4010,36930,22889
24,DORDOGNE,2,81096,68434,63543,4891,34789,28754
24,DORDOGNE,3,69042,60014,55964,4050,33180,22784
24,DORDOGNE,4,86701,75578,70965,4613,43112,27853
25,DOUBS,1,72906,60127,56645,3482,30387,26258
25,DOUBS,2,76233,63717,60110,3607,31359,28751
25,DOUBS,3,65433,54220,50235,3985,24004,26231
25,DOUBS,4,67346,54838,50537,4301,25911,24626
25,DOUBS,5,77266,66154,62327,3827,22914,39413
26,DROME,1,72823,59366,56112,3254,28319,27793
26,DROME,2,87743,72006,67116,4890,31784,35332
26,DROME,3,102570,87334,81739,5595,41806,39933
26,DROME,4,89978,74278,69428,4850,33050,36378
27,EURE,1,85314,68389,64103,4286,28364,35739
27,EURE,2,76963,63543,59300,4243,28235,31065
27,EURE,3,81678,67561,63255,4306,30031,33224
27,EURE,4,86662,70108,65566,4542,33661,31905
27,EURE,5,87188,70671,66052,4619,31036,35016
28,EURE-ET-LOIR,1,87335,71445,67377,4068,31772,35605
28,EURE-ET-LOIR,2,71954,57193,53887,3306,25685,28202
28,EURE-ET-LOIR,3,71238,57719,54038,3681,25694,28344
28,EURE-ET-LOIR,4,67235,55654,51826,3828,22525,29301
29,FINISTERE,1,85821,74066,70309,3757,41637,28672
29,FINISTERE,2,77981,62372,59352,3020,37165,22187
29,FINISTERE,3,86191,73332,69702,3630,38947,30755
29,FINISTERE,4,82111,70255,67001,3254,40679,26322
29,FINISTERE,5,91053,78201,74423,3778,41217,33206
29,FINISTERE,6,89302,76182,72197,3985,42781,29416
29,FINISTERE,7,79740,67453,63732,3721,37573,26159
29,FINISTERE,8,84304,70765,66555,4210,39790,26765
30,GARD,1,83308,67281,63346,3935,30266,33080
30,GARD,2,82313,69031,64391,4640,28312,36079
30,GARD,3,88777,74216,69215,5001,30938,38277
30,GARD,4,87655,73083,67580,5503,34931,32649
30,GARD,5,93381,78085,72665,5420,41223,31442
30,GARD,6,77573,63115,59285,3830,27817,31468
31,HAUTE-GARONNE,1,76411,60904,58088,2816,35821,22267
31,HAUTE-GARONNE,2,94400,76911,72989,3922,42889,30100
31,HAUTE-GARONNE,3,73090,60368,57675,2693,30373,27302
31,HAUTE-GARONNE,4,66118,50903,48750,2153,31365,17385
31,HAUTE-GARONNE,5,90241,76784,71953,4831,39311,32642
31,HAUTE-GARONNE,6,103085,87065,82077,4988,48639,33438
31,HAUTE-GARONNE,7,92460,78243,73253,4990,41424,31829
31,HAUTE-GARONNE,8,84928,70872,65882,4990,39401,26481
31,HAUTE-GARONNE,9,76394,60798,57727,3071,36732,20995
31,HAUTE-GARONNE,10,88317,77468,73067,4401,42845,30222
32,GERS,1,73631,63408,59290,4118,35243,24047
32,GERS,2,70144,60464,56538,3926,30363,26175
33,GIRONDE,1,85985,70597,67402,3195,34702,32700
33,GIRONDE,2,62199,49905,47940,1965,28289,19651
33,GIRONDE,3,74202,60566,57498,3068,38612,18886
33,GIRONDE,4,86608,69768,65703,4065,41753,23950
33,GIRONDE,5,102425,85891,80424,5467,44301,36123
33,GIRONDE,6,95142,80863,76537,4326,44222,32315
33,GIRONDE,7,72630,61523,58351,3172,35988,22363
33,GIRONDE,8,97836,82284,77745,4539,35222,42523
33,GIRONDE,9,85602,73600,68904,4696,40383,28521
33,GIRONDE,10,78491,65794,61411,4383,31972,29439
33,GIRONDE,11,88103,73003,67571,5432,37812,29759
33,GIRONDE,12,78577,67345,63014,4331,35378,27636
34,HERAULT,1,79066,64652,60943,3709,30693,30250
34,HERAULT,2,58298,44991,43222,1769,28209,15013
34,HERAULT,3,77209,65298,61705,3593,31133,30572
34,HERAULT,4,103151,86646,81075,5571,42479,38596
34,HERAULT,5,90857,75457,70252,5205,38671,31581
34,HERAULT,6,86125,69835,65349,4486,30141,35208
34,HERAULT,7,95953,79376,74471,4905,34667,39804
34,HERAULT,8,80625,66301,62189,4112,32173,30016
34,HERAULT,9,75525,62157,58456,3701,28256,30200
35,ILLE-ET-VILAINE,1,87058,72106,68786,3320,44733,24053
35,ILLE-ET-VILAINE,2,86864,74634,71281,3353,42572,28709
35,ILLE-ET-VILAINE,3,81381,69994,66279,3715,37722,28557
35,ILLE-ET-VILAINE,4,85025,72266,68110,4156,37998,30112
35,ILLE-ET-VILAINE,5,97365,83181,78315,4866,36516,41799
35,ILLE-ET-VILAINE,6,85283,72498,68162,4336,34684,33478
35,ILLE-ET-VILAINE,7,95244,78266,74138,4128,36778,37360
35,ILLE-ET-VILAINE,8,78874,65629,62961,2668,39902,23059
36,INDRE,1,82219,66159,61599,4560,34316,27283
36,INDRE,2,91553,76543,70660,5883,39300,31360
37,INDRE-ET-LOIRE,1,65517,51630,49220,2410,27863,21357
37,INDRE-ET-LOIRE,2,84336,71013,66605,4408,32904,33701
37,INDRE-ET-LOIRE,3,94454,79279,74642,4637,38656,35986
37,INDRE-ET-LOIRE,4,88201,73073,68712,4361,35733,32979
37,INDRE-ET-LOIRE,5,80427,67344,63488,3856,30137,33351
38,ISERE,1,80612,66545,63975,2570,34515,29460
38,ISERE,2,75032,61440,58392,3048,34938,23454
38,ISERE,3,59928,47505,45415,2090,29076,16339
38,ISERE,4,87774,72695,68808,3887,36644,32164
38,ISERE,5,97773,81708,77131,4577,42648,34483
38,ISERE,6,77117,62384,58684,3700,25414,33270
38,ISERE,7,87551,72428,67472,4956,32104,35368
38,ISERE,8,74929,61737,57921,3816,27349,30572
38,ISERE,9,93246,76988,72115,4873,37016,35099
38,ISERE,10,87592,70333,65964,4369,31744,34220
39,JURA,1,65029,54095,50222,3873,25301,24921
39,JURA,2,54923,45916,42681,3235,19378,23303
39,JURA,3,68264,57451,53422,4029,27642,25780
40,LANDES,1,97620,81285,76195,5090,42182,34013
40,LANDES,2,104572,88495,83593,4902,46711,36882
40,LANDES,3,94527,81999,76876,5123,45979,30897
41,LOIR-ET-CHER,1,80456,65527,61470,4057,31177,30293
41,LOIR-ET-CHER,2,80272,66206,61604,4602,28250,33354
41,LOIR-ET-CHER,3,82391,69233,64383,4850,29755,34628
42,LOIRE,1,67953,53891,51019,2872,28688,22331
42,LOIRE,2,57313,44075,41817,2258,24028,17789
42,LOIRE,3,80382,65625,61366,4259,30760,30606
42,LOIRE,4,99050,81412,75595,5817,38504,37091
42,LOIRE,5,101165,84558,78652,5906,38114,40538
42,LOIRE,6,103869,86576,80694,5882,36428,44266
43,HAUTE-LOIRE,1,95721,81062,74629,6433,37179,37450
43,HAUTE-LOIRE,2,80307,67510,62562,4948,33309,29253
44,LOIRE-ATLANTIQUE,1,72726,59794,57209,2585,32431,24778
44,LOIRE-ATLANTIQUE,2,81582,66399,63773,2626,38263,25510
44,LOIRE-ATLANTIQUE,3,89008,71714,68137,3577,44442,23695
44,LOIRE-ATLANTIQUE,4,82729,69453,66142,3311,42691,23451
44,LOIRE-ATLANTIQUE,5,105463,90091,85384,4707,48032,37352
44,LOIRE-ATLANTIQUE,6,106786,90246,84849,5397,44447,40402
44,LOIRE-ATLANTIQUE,7,102174,86245,81653,4592,39570,42083
44,LOIRE-ATLANTIQUE,8,81006,66414,62698,3716,41299,21399
44,LOIRE-ATLANTIQUE,9,107593,91982,86761,5221,43229,43532
44,LOIRE-ATLANTIQUE,10,106553,92885,87771,5114,45080,42691
45,LOIRET,1,73176,60973,57626,3347,27918,29708
45,LOIRET,2,81907,66899,62930,3969,30350,32580
45,LOIRET,3,71061,58917,54786,4131,23912,30874
45,LOIRET,4,74996,59872,55669,4203,23634,32035
45,LOIRET,5,72668,59255,55111,4144,24546,30565
45,LOIRET,6,69162,57192,53838,3354,25929,27909
46,LOT,1,70165,60549,56826,3723,34856,21970
46,LOT,2,65046,56571,53017,3554,33125,19892
47,LOT-ET-GARONNE,1,86656,73099,68057,5042,34815,33242
47,LOT-ET-GARONNE,2,77676,65111,60282,4829,30812,29470
47,LOT-ET-GARONNE,3,76366,64435,60090,4345,31139,28951
48,LOZERE,1,59885,51507,48027,3480,23991,24036
49,MAINE-ET-LOIRE,1,80852,67046,63514,3532,32760,30754
49,MAINE-ET-LOIRE,2,87418,73413,69364,4049,37345,32019
49,MAINE-ET-LOIRE,3,68443,57461,53853,3608,25074,28779
49,MAINE-ET-LOIRE,4,73503,61425,57610,3815,25403,32207
49,MAINE-ET-LOIRE,5,75267,62840,59128,3712,28844,30284
49,MAINE-ET-LOIRE,6,92466,78826,73750,5076,34701,39049
49,MAINE-ET-LOIRE,7,75242,63507,60036,3471,29484,30552
50,MANCHE,1,86638,72338,68029,4309,33420,34609
50,MANCHE,2,94633,79797,74973,4824,33491,41482
50,MANCHE,3,105830,88802,83487,5315,40495,42992
50,MANCHE,4,88675,71960,68108,3852,39600,28508
51,MARNE,1,69216,53193,50197,2996,24137,26060
51,MARNE,2,72577,56849,53778,3071,24956,28822
51,MARNE,3,81305,64052,59758,4294,26719,33039
51,MARNE,4,80847,63265,59225,4040,27023,32202
51,MARNE,5,78188,63966,59358,4608,23321,36037
52,HAUTE-MARNE,1,74479,60511,56217,4294,26329,29888
52,HAUTE-MARNE,2,64302,50839,46833,4006,20636,26197
53,MAYENNE,1,72580,60480,56732,3748,29104,27628
53,MAYENNE,2,76644,64651,60825,3826,27223,33602
53,MAYENNE,3,72270,60932,57012,3920,25595,31417
54,MEURTHE-ET-MOSELLE,1,80616,63544,60319,3225,32406,27913
54,MEURTHE-ET-MOSELLE,2,70864,56424,53591,2833,28409,25182
54,MEURTHE-ET-MOSELLE,3,82993,64188,60380,3808,35571,24809
54,MEURTHE-ET-MOSELLE,4,97160,78445,72813,5632,36007,36806
54,MEURTHE-ET-MOSELLE,5,76585,63063,58670,4393,27670,31000
54,MEURTHE-ET-MOSELLE,6,87234,69341,64784,4557,36565,28219
55,MEUSE,1,78875,65136,59967,5169,28079,31888
55,MEUSE,2,61238,49153,45791,3362,20781,25010
56,MORBIHAN,1,98724,84170,80009,4161,38577,41432
56,MORBIHAN,2,98534,83665,78875,4790,38970,39905
56,MORBIHAN,3,86756,74415,69573,4842,35436,34137
56,MORBIHAN,4,102128,87479,82406,5073,40898,41508
56,MORBIHAN,5,80376,64889,61408,3481,35400,26008
56,MORBIHAN,6,89137,75618,70870,4748,39967,30903
57,MOSELLE,1,88148,69156,64930,4226,33939,30991
57,MOSELLE,2,76155,59962,56537,3425,25749,30788
57,MOSELLE,3,74036,57697,54279,3418,25798,28481
57,MOSELLE,4,81107,66219,61388,4831,22529,38859
57,MOSELLE,5,74554,59105,54715,4390,21586,33129
57,MOSELLE,6,72291,54230,50836,3394,23887,26949
57,MOSELLE,7,91536,71567,66514,5053,30158,36356
57,MOSELLE,8,90881,68260,64000,4260,37222,26778
57,MOSELLE,9,97053,76274,71450,4824,32413,39037
58,NIEVRE,1,78212,62515,58365,4150,34613,23752
58,NIEVRE,2,86703,71310,66480,4830,38811,27669
59,NORD,1,60435,44874,42720,2154,26517,16203
59,NORD,2,87219,67622,64038,3584,38954,25084
59,NORD,3,97160,73499,68636,4863,35959,32677
59,NORD,4,97112,76064,72181,3883,33092,39089
59,NORD,5,96417,77866,72723,5143,36558,36165
59,NORD,6,84620,71312,67261,4051,29502,37759
59,NORD,7,72079,55699,52769,2930,24873,27896
59,NORD,8,68964,49154,46612,2542,28522,18090
59,NORD,9,89185,68567,65614,2953,27379,38235
59,NORD,10,80289,59460,56172,3288,26292,29880
59,NORD,11,90349,69371,65309,4062,35159,30150
59,NORD,12,93071,74271,69122,5149,37340,31782
59,NORD,13,90508,70481,65038,5443,38852,26186
59,NORD,14,98708,81248,75465,5783,37326,38139
59,NORD,15,95158,77950,72816,5134,35876,36940
59,NORD,16,83555,64831,60280,4551,38328,21952
59,NORD,17,75013,58637,54753,3884,31016,23737
59,NORD,18,91928,72091,67113,4978,34827,32286
59,NORD,19,79014,60815,56249,4566,34197,22052
59,NORD,20,80785,60033,55894,4139,31211,24683
59,NORD,21,81041,62353,58390,3963,30493,27897
60,OISE,1,80713,65642,60770,4872,29508,31262
60,OISE,2,85960,70142,65282,4860,28643,36639
60,OISE,3,71225,56777,53321,3456,28214,25107
60,OISE,4,90210,73123,68995,4128,27455,41540
60,OISE,5,71301,57019,53077,3942,26328,26749
60,OISE,6,74658,59886,55736,4150,26573,29163
60,OISE,7,75030,60424,56252,4172,28980,27272
61,ORNE,1,71162,58807,54844,3963,25861,28983
61,ORNE,2,68815,56867,53133,3734,22472,30661
61,ORNE,3,72528,60771,56689,4082,29246,27443
62,PAS-DE-CALAIS,1,103026,87314,80920,6394,39667,41253
62,PAS-DE-CALAIS,2,84245,69572,65045,4527,34929,30116
62,PAS-DE-CALAIS,3,87301,65043,59933,5110,38379,21554
62,PAS-DE-CALAIS,4,87419,73030,68687,4343,32003,36684
62,PAS-DE-CALAIS,5,89821,71238,66908,4330,38454,28454
62,PAS-DE-CALAIS,6,88970,75907,70554,5353,36629,33925
62,PAS-DE-CALAIS,7,92216,71040,66153,4887,37924,28229
62,PAS-DE-CALAIS,8,93138,74991,69559,5432,40615,28944
62,PAS-DE-CALAIS,9,79264,63747,59258,4489,31366,27892
62,PAS-DE-CALAIS,10,89733,68185,62952,5233,39443,23509
62,PAS-DE-CALAIS,11,94031,70671,64791,5880,39158,25633
62,PAS-DE-CALAIS,12,94502,72316,66358,5958,41536,24822
63,PUY-DE-DOME,1,80460,65499,61812,3687,39876,21936
63,PUY-DE-DOME,2,86245,73261,67865,5396,41302,26563
63,PUY-DE-DOME,3,86750,72835,68697,4138,37902,30795
63,PUY-DE-DOME,4,95475,80644,75536,5108,47691,27845
63,PUY-DE-DOME,5,100351,84089,77682,6407,45826,31856
64,PYRENEES-ATLANTIQUES,1,68781,56502,53146,3356,30797,22349
64,PYRENEES-ATLANTIQUES,2,77659,65853,61394,4459,34925,26469
64,PYRENEES-ATLANTIQUES,3,81905,69817,65160,4657,39579,25581
64,PYRENEES-ATLANTIQUES,4,80341,68569,63854,4715,38116,25738
64,PYRENEES-ATLANTIQUES,5,85463,70259,66356,3903,37665,28691
64,PYRENEES-ATLANTIQUES,6,94833,78114,73428,4686,37882,35546
65,HAUTES-PYRENEES,1,88404,73365,68739,4626,44654,24085
65,HAUTES-PYRENEES,2,89035,74919,70232,4687,42155,28077
66,PYRENEES-ORIENTALES,1,67593,54515,51108,3407,25420,25688
66,PYRENEES-ORIENTALES,2,89165,74064,68740,5324,32832,35908
66,PYRENEES-ORIENTALES,3,80169,65537,61091,4446,32360,28731
66,PYRENEES-ORIENTALES,4,92366,76563,71354,5209,37013,34341
67,BAS-RHIN,1,63888,49449,47744,1705,27005,20739
67,BAS-RHIN,2,71135,54114,51711,2403,26660,25051
67,BAS-RHIN,3,68314,52812,50358,2454,23978,26380
67,BAS-RHIN,4,89836,74169,70331,3838,23801,46530
67,BAS-RHIN,5,98395,79988,74954,5034,24690,50264
67,BAS-RHIN,6,91117,74405,69824,4581,22688,47136
67,BAS-RHIN,7,84560,68987,64304,4683,19078,45226
67,BAS-RHIN,8,92690,74491,69361,5130,18677,50684
67,BAS-RHIN,9,88193,71313,67315,3998,20314,47001
68,HAUT-RHIN,1,74587,58610,54990,3620,21030,33960
68,HAUT-RHIN,2,91097,74346,69179,5167,24351,44828
68,HAUT-RHIN,3,83493,68629,64725,3904,18688,46037
68,HAUT-RHIN,4,99180,80738,75037,5701,27735,47302
68,HAUT-RHIN,5,78793,60840,57202,3638,23843,33359
68,HAUT-RHIN,6,92425,72774,68126,4648,27077,41049
69,RHONE,1,68071,53205,50878,2327,27464,23414
69,RHONE,2,74893,59461,57394,2067,32700,24694
69,RHONE,3,70308,55259,52984,2275,29767,23217
69,RHONE,4,79447,63419,61054,2365,28158,32896
69,RHONE,5,80488,68124,65283,2841,25400,39883
69,RHONE,6,78330,61815,59151,2664,34315,24836
69,RHONE,7,64668,49689,47531,2158,27571,19960
69,RHONE,8,98458,82479,78192,4287,30616,47576
69,RHONE,9,85806,70964,67051,3913,26371,40680
69,RHONE,10,89618,75567,71862,3705,28523,43339
69,RHONE,11,85359,71516,67567,3949,31554,36013
69,RHONE,12,76140,63168,60316,2852,27839,32477
69,RHONE,13,79379,64959,61673,3286,27133,34540
69,RHONE,14,70011,54213,51333,2880,31488,19845
70,HAUTE-SAONE,1,88777,74906,69089,5817,33188,35901
70,HAUTE-SAONE,2,91821,75934,69226,6708,35468,33758
71,SAONE-ET-LOIRE,1,72491,58820,55308,3512,26990,28318
71,SAONE-ET-LOIRE,2,81290,66842,62159,4683,31626,30533
71,SAONE-ET-LOIRE,3,83706,68692,63741,4951,33141,30600
71,SAONE-ET-LOIRE,4,81201,66636,61624,5012,31429,30195
71,SAONE-ET-LOIRE,5,91158,72265,67162,5103,37565,29597
72,SARTHE,1,72536,59279,55535,3744,27972,27563
72,SARTHE,2,83329,66270,61676,4594,36046,25630
72,SARTHE,3,84783,70104,65045,5059,33410,31635
72,SARTHE,4,78833,64674,60272,4402,31721,28551
72,SARTHE,5,87415,71861,66901,4960,33826,33075
73,SAVOIE,1,82089,68048,63886,4162,27883,36003
73,SAVOIE,2,74878,60519,56776,3743,24775,32001
73,SAVOIE,3,70313,58632,54595,4037,26492,28103
73,SAVOIE,4,71607,59109,55662,3447,29536,26126
74,HAUTE-SAVOIE,1,93038,77787,73260,4527,30104,43156
74,HAUTE-SAVOIE,2,90336,74425,70304,4121,30022,40282
74,HAUTE-SAVOIE,3,75139,62518,58628,3890,23303,35325
74,HAUTE-SAVOIE,4,80417,62902,59660,3242,24218,35442
74,HAUTE-SAVOIE,5,89880,72165,68219,3946,26342,41877
74,HAUTE-SAVOIE,6,75743,60756,57479,3277,20633,36846
75,PARIS,1,76654,63988,62194,1794,27994,34200
75,PARIS,2,71232,60505,58674,1831,26397,32277
75,PARIS,3,65035,52989,51174,1815,29812,21362
75,PARIS,4,67298,56997,55658,1339,13820,41838
75,PARIS,5,70936,58893,57171,1722,38301,18870
75,PARIS,6,73261,60786,58988,1798,42043,16945
75,PARIS,7,72495,60518,58607,1911,37301,21306
75,PARIS,8,80103,66513,64048,2465,37640,26408
75,PARIS,9,66565,54993,52823,2170,34538,18285
75,PARIS,10,66671,54780,52707,2073,33458,19249
75,PARIS,11,69633,58855,56986,1869,31820,25166
75,PARIS,12,71329,60266,58404,1862,24118,34286
75,PARIS,13,72637,60620,58556,2064,28015,30541
75,PARIS,14,69995,59387,58015,1372,13574,44441
75,PARIS,15,73920,60413,58321,2092,41123,17198
75,PARIS,16,66167,53666,51982,1684,35173,16809
75,PARIS,17,54987,43507,42085,1422,30336,11749
75,PARIS,18,65001,53373,51568,1805,34998,16570
76,SEINE-MARITIME,1,64740,51833,49499,2334,27840,21659
76,SEINE-MARITIME,2,91257,76407,72036,4371,33423,38613
76,SEINE-MARITIME,3,69206,55400,52157,3243,34855,17302
76,SEINE-MARITIME,4,88876,70949,66375,4574,42415,23960
76,SEINE-MARITIME,5,94057,77184,72272,4912,40828,31444
76,SEINE-MARITIME,6,110245,90267,84475,5792,42961,41514
76,SEINE-MARITIME,7,89175,70503,66120,4383,34193,31927
76,SEINE-MARITIME,8,70472,51765,48289,3476,31007,17282
76,SEINE-MARITIME,9,92291,76643,71772,4871,36862,34910
76,SEINE-MARITIME,10,105810,89679,84278,5401,42232,42046
77,SEINE-ET-MARNE,1,67693,53907,50980,2927,24958,26022
77,SEINE-ET-MARNE,2,78756,64022,60481,3541,27400,33081
77,SEINE-ET-MARNE,3,72366,59442,55622,3820,27656,27966
77,SEINE-ET-MARNE,4,85026,69090,64218,4872,27667,36551
77,SEINE-ET-MARNE,5,78791,63649,59846,3803,26285,33561
77,SEINE-ET-MARNE,6,73970,59707,56203,3504,26983,29220
77,SEINE-ET-MARNE,7,81813,65966,62226,3740,30142,32084
77,SEINE-ET-MARNE,8,82720,67065,63728,3337,32618,31110
77,SEINE-ET-MARNE,9,81986,65602,62172,3430,29974,32198
77,SEINE-ET-MARNE,10,78394,61799,58789,3010,34044,24745
77,SEINE-ET-MARNE,11,62477,49490,46458,3032,27849,18609
78,YVELINES,1,82054,67901,65197,2704,28838,36359
78,YVELINES,2,83080,69856,66836,3020,28817,38019
78,YVELINES,3,81416,68048,65699,2349,23744,41955
78,YVELINES,4,76846,63718,61152,2566,26289,34863
78,YVELINES,5,72077,58552,56182,2370,24635,31547
78,YVELINES,6,74120,59332,56972,2360,23896,33076
78,YVELINES,7,78236,64037,60940,3097,30058,30882
78,YVELINES,8,71079,56131,53147,2984,29527,23620
78,YVELINES,9,89203,73191,69316,3875,31819,37497
78,YVELINES,10,86616,73652,70119,3533,31410,38709
78,YVELINES,11,65606,52772,50407,2365,28772,21635
78,YVELINES,12,66300,55215,52795,2420,25274,27521
79,DEUX-SEVRES,1,88384,73486,69461,4025,42333,27128
79,DEUX-SEVRES,2,97190,82578,77558,5020,46014,31544
79,DEUX-SEVRES,3,85067,71805,67366,4439,34511,32855
80,SOMME,1,85066,67674,63230,4444,37635,25595
80,SOMME,2,74999,59833,56413,3420,30734,25679
80,SOMME,3,84636,71710,66701,5009,35412,31289
80,SOMME,4,82750,69603,64552,5051,33243,31309
80,SOMME,5,81915,67357,62527,4830,33505,29022
81,TARN,1,83056,70957,66025,4932,35631,30394
81,TARN,2,102414,87118,81149,5969,48628,32521
81,TARN,3,98400,84035,78070,5965,40874,37196
82,TARN-ET-GARONNE,1,86100,72963,68296,4667,35281,33015
82,TARN-ET-GARONNE,2,89237,75713,70597,5116,35905,34692
83,VAR,1,73596,57895,54864,3031,22006,32858
83,VAR,2,86859,70204,66031,4173,27124,38907
83,VAR,3,97701,79995,75764,4231,28087,47677
83,VAR,4,99220,81892,77640,4252,25139,52501
83,VAR,5,91030,74390,70637,3753,21701,48936
83,VAR,6,108011,89009,83581,5428,33725,49856
83,VAR,7,101232,80872,76551,4321,29202,47349
83,VAR,8,99661,81570,76782,4788,30400,46382
84,VAUCLUSE,1,72367,57537,54414,3123,28415,25999
84,VAUCLUSE,2,80339,66792,62655,4137,26427,36228
84,VAUCLUSE,3,70877,58578,54517,4061,21671,32846
84,VAUCLUSE,4,86026,71261,66480,4781,26579,39901
84,VAUCLUSE,5,78449,64957,60973,3984,27189,33784
85,VENDEE,1,102065,86485,81346,5139,37805,43541
85,VENDEE,2,97821,83580,78779,4801,37788,40991
85,VENDEE,3,113873,95553,90396,5157,35943,54453
85,VENDEE,4,94436,81922,76619,5303,31178,45441
85,VENDEE,5,80593,68129,64030,4099,30972,33058
86,VIENNE,1,77165,64002,60283,3719,36431,23852
86,VIENNE,2,75473,62874,59505,3369,35486,24019
86,VIENNE,3,74860,63000,59086,3914,32692,26394
86,VIENNE,4,76115,61265,56857,4408,30145,26712
87,HAUTE-VIENNE,1,84653,71120,66377,4743,43769,22608
87,HAUTE-VIENNE,2,96655,82629,76927,5702,48567,28360
87,HAUTE-VIENNE,3,83551,70267,65258,5009,41131,24127
88,VOSGES,1,76567,62275,57640,4635,28929,28711
88,VOSGES,2,74258,60110,54795,5315,27253,27542
88,VOSGES,3,66684,55074,50377,4697,23926,26451
88,VOSGES,4,67898,56395,51963,4432,25263,26700
89,YONNE,1,78376,64178,60013,4165,28754,31259
89,YONNE,2,77731,63357,58772,4585,28569,30203
89,YONNE,3,89134,70814,65947,4867,29287,36660
90,TERRITOIRE DE BELFORT,1,47143,38335,35500,2835,17074,18426
90,TERRITOIRE DE BELFORT,2,47715,38528,35489,3039,18792,16697
91,ESSONNE,1,70321,54325,51637,2688,32892,18745
91,ESSONNE,2,87168,71929,67628,4301,31153,36475
91,ESSONNE,3,91976,76184,71870,4314,36098,35772
91,ESSONNE,4,92032,77495,73648,3847,36090,37558
91,ESSONNE,5,66570,56491,54148,2343,29536,24612
91,ESSONNE,6,76078,62463,59454,3009,33781,25673
91,ESSONNE,7,71630,57650,54627,3023,29601,25026
91,ESSONNE,8,75241,60736,57212,3524,30969,26243
91,ESSONNE,9,75958,62123,58864,3259,30865,27999
91,ESSONNE,10,60594,48056,45434,2622,26678,18756
92,HAUTS-DE-SEINE,1,59623,46317,44204,2113,30926,13278
92,HAUTS-DE-SEINE,2,63523,52585,50592,1993,25875,24717
92,HAUTS-DE-SEINE,3,76516,62646,60001,2645,26217,33784
92,HAUTS-DE-SEINE,4,70809,57469,54917,2552,33330,21587
92,HAUTS-DE-SEINE,5,68764,56472,54360,2112,26658,27702
92,HAUTS-DE-SEINE,6,73415,62425,60455,1970,18785,41670
92,HAUTS-DE-SEINE,7,83781,70745,68086,2659,26469,41617
92,HAUTS-DE-SEINE,8,67007,56342,54187,2155,24397,29790
92,HAUTS-DE-SEINE,9,61044,51167,49377,1790,17127,32250
92,HAUTS-DE-SEINE,10,71670,58862,56347,2515,30122,26225
92,HAUTS-DE-SEINE,11,67321,54573,52387,2186,34353,18034
92,HAUTS-DE-SEINE,12,89831,74846,71589,3257,38311,33278
92,HAUTS-DE-SEINE,13,85817,72621,69442,3179,36558,32884
93,SEINE-SAINT-DENIS,1,55129,41111,39403,1708,28558,10845
93,SEINE-SAINT-DENIS,2,51710,37669,36165,1504,27788,8377
93,SEINE-SAINT-DENIS,3,70647,56641,53978,2663,31309,22669
93,SEINE-SAINT-DENIS,4,60088,44516,42342,2174,29919,12423
93,SEINE-SAINT-DENIS,5,62186,45747,43565,2182,28927,14638
93,SEINE-SAINT-DENIS,6,49888,37448,35932,1516,25911,10021
93,SEINE-SAINT-DENIS,7,71259,53945,51867,2078,38901,12966
93,SEINE-SAINT-DENIS,8,60088,48096,45666,2430,24100,21566
93,SEINE-SAINT-DENIS,9,66479,51802,49624,2178,32980,16644
93,SEINE-SAINT-DENIS,10,66958,51749,49421,2328,30278,19143
93,SEINE-SAINT-DENIS,11,62138,47156,44813,2343,29430,15383
93,SEINE-SAINT-DENIS,12,64355,50504,48046,2458,25159,22887
94,VAL-DE-MARNE,1,82579,68626,65669,2957,31212,34457
94,VAL-DE-MARNE,2,64987,51903,49595,2308,32513,17082
94,VAL-DE-MARNE,3,70708,56239,53332,2907,30033,23299
94,VAL-DE-MARNE,4,71755,58879,56020,2859,27242,28778
94,VAL-DE-MARNE,5,85988,68504,65662,2842,33266,32396
94,VAL-DE-MARNE,6,77938,64120,61614,2506,32506,29108
94,VAL-DE-MARNE,7,63743,51613,49231,2382,28561,20670
94,VAL-DE-MARNE,8,73752,60344,57558,2786,28873,28685
94,VAL-DE-MARNE,9,53295,41568,39732,1836,25760,13972
94,VAL-DE-MARNE,10,63300,49462,47355,2107,33211,14144
94,VAL-DE-MARNE,11,59920,46678,44479,2199,30170,14309
95,VAL-D'OISE,1,78603,64957,61477,3480,29971,31506
95,VAL-D'OISE,2,73370,60603,57531,3072,29355,28176
95,VAL-D'OISE,3,87905,70863,67271,3592,33896,33375
95,VAL-D'OISE,4,72547,58738,55831,2907,28315,27516
95,VAL-D'OISE,5,68000,52009,49590,2419,32127,17463
95,VAL-D'OISE,6,74570,59520,56872,2648,28686,28186
95,VAL-D'OISE,7,67672,54850,52566,2284,25839,26727
95,VAL-D'OISE,8,51984,39677,38056,1621,24807,13249
95,VAL-D'OISE,9,67572,53065,50147,2918,27560,22587
95,VAL-D'OISE,10,62727,50268,47720,2548,28964,18756
971,GUADELOUPE,1,73099,44596,41154,3442,31005,10149
971,GUADELOUPE,2,81278,49850,46411,3439,32754,13657
971,GUADELOUPE,3,76821,47958,44754,3204,33045,11709
971,GUADELOUPE,4,66971,42898,39689,3209,26933,12756
972,MARTINIQUE,1,76352,47006,43293,3713,29489,13804
972,MARTINIQUE,2,81657,50486,46905,3581,30930,15975
972,MARTINIQUE,3,65769,36707,33684,3023,23161,10523
972,MARTINIQUE,4,78934,46749,43474,3275,30947,12527
973,GUYANE,1,46297,27184,25599,1585,15944,9655
973,GUYANE,2,30792,16917,16111,806,9936,6175
974,LA REUNION,1,73763,52494,49998,2496,32516,17482
974,LA REUNION,2,83906,61061,58011,3050,43054,14957
974,LA REUNION,3,83657,61683,58119,3564,40532,17587
974,LA REUNION,4,94760,71172,67541,3631,48051,19490
974,LA REUNION,5,75636,53071,50569,2502,37961,12608
974,LA REUNION,6,67697,47969,45819,2150,33100,12719
974,LA REUNION,7,98936,73944,70172,3772,50895,19277
975,SAINT-PIERRE-ET-MIQUELON,1,4922,3391,3185,206,2080,1105
979,SAINT-BARTHELEMY et SAINT-MARTIN,1,22686,9907,9492,415,3851,5641
985,MAYOTTE,1,35579,17471,16692,779,9195,7497
985,MAYOTTE,2,41965,22811,21930,881,9751,12179
986,WALLIS ET FUTUNA,1,8942,6838,6769,69,3795,2974
987,POLYNESIE FRANCAISE,1,67433,40299,31597,8702,14041,17556
987,POLYNESIE FRANCAISE,2,59401,33268,32346,922,15462,16884
987,POLYNESIE FRANCAISE,3,60104,36615,35615,1000,17230,18385
988,NOUVELLE-CALEDONIE,1,76238,45181,43728,1453,13503,30225
988,NOUVELLE-CALEDONIE,2,89100,55989,54283,1706,22736,31547
99,FRANCAIS DE L'ETRANGER,1,157958,60849,59472,1377,27577,31895
99,FRANCAIS DE L'ETRANGER,2,73812,23738,23299,439,11095,12204
99,FRANCAIS DE L'ETRANGER,3,89534,32173,31572,601,16764,14808
99,FRANCAIS DE L'ETRANGER,4,97710,50763,49647,1116,23273,26374
99,FRANCAIS DE L'ETRANGER,5,80802,31640,30925,715,14411,16514
99,FRANCAIS DE L'ETRANGER,6,107077,54310,52973,1337,19978,32995
99,FRANCAIS DE L'ETRANGER,7,89769,37450,36633,817,20024,16609
99,FRANCAIS DE L'ETRANGER,8,109896,31549,31138,411,11550,19588
99,FRANCAIS DE L'ETRANGER,9,98811,43775,43098,677,26584,16514
99,FRANCAIS DE L'ETRANGER,10,93085,48952,47830,1122,21370,26460
99,FRANCAIS DE L'ETRANGER,11,80125,39711,38575,1136,16376,22199
